***************************************************************************
**  THIS IS AN EXACT COPY OF THE ORIGINAL FILE USED FOR ACQUISITION.     **
**  THIS HEADER HAS BEEN ADDED TO IDENTIFY THIS AS A 'REFERENCE ONLY'    **
**  FILE.  IT IS MEANT ONLY FOR ARCHIVAL AND DIAGNOSTIC PURPOSES.        **
***************************************************************************

714301.44
713676.68
713051.91
712427.14
711802.37
711177.61
710552.84
709928.07
709303.31
708678.54
708053.77
707429.00
706804.24
706179.47
705554.70
704929.94
704305.17
703680.40
703055.63
702430.87
701806.10
701181.33
700556.57
699931.80
699307.03
698682.27
698057.50
697432.73
696807.96
696183.20
695558.43
694933.66
694308.90
693684.13
693059.36
692434.59
691809.83
691185.06
690560.29
689935.53
689310.76
688685.99
688061.22
687436.46
686811.69
686186.92
685562.16
684937.39
684312.62
683687.85
683063.09
682438.32
681813.55
681188.79
680564.02
679939.25
679314.48
678689.72
678064.95
677440.18
676815.42
676190.65
675565.88
674941.11
674316.35
673691.58
673066.81
672442.05
671817.28
671192.51
670567.74
669942.98
669318.21
668693.44
668068.68
667443.91
666819.14
666194.37
665569.61
664944.84
664320.07
663695.31
663070.54
662445.77
661821.00
661196.24
660571.47
659946.70
659321.94
658697.17
658072.40
657447.63
656822.87
656198.10
655573.33
654948.57
654323.80
653699.03
653074.26
652449.50
651824.73
651199.96
650575.20
649950.43
649325.66
648700.89
648076.13
647451.36
646826.59
646201.83
645577.06
644952.29
644327.52
643702.76
643077.99
642453.22
641828.46
641203.69
640578.92
639954.15
639329.39
638704.62
638079.85
637455.09
636830.32
636205.55
635580.78
634956.02
634331.25
633706.48
633081.72
632456.95
631832.18
631207.41
630582.65
629957.88
629333.11
628708.35
628083.58
627458.81
626834.04
626209.28
625584.51
624959.74
624334.98
623710.21
623085.44
622460.67
621835.91
621211.14
620586.37
619961.61
619336.84
618712.07
618087.30
617462.54
616837.77
616213.00
615588.24
614963.47
614338.70
613713.93
613089.17
612464.40
611839.63
611214.87
610590.10
609965.33
609340.56
608715.80
608091.03
607466.26
606841.50
606216.73
605591.96
604967.19
604342.43
603717.66
603092.89
602468.13
601843.36
601218.59
600593.82
599969.06
599344.29
598719.52
598094.76
597469.99
596845.22
596220.45
595595.69
594970.92
594346.15
593721.39
593096.62
592471.85
591847.08
591222.32
590597.55
589972.78
589348.02
588723.25
588098.48
587473.71
586848.95
586224.18
585599.41
584974.65
584349.88
583725.11
583100.34
582475.58
581850.81
581226.04
580601.28
579976.51
579351.74
578726.97
578102.21
577477.44
576852.67
576227.91
575603.14
574978.37
574353.60
573728.84
573104.07
572479.30
571854.54
571229.77
570605.00
569980.23
569355.47
568730.70
568105.93
567481.17
566856.40
566231.63
565606.86
564982.10
564357.33
563732.56
563107.80
562483.03
561858.26
561233.49
560608.73
559983.96
559359.19
558734.43
558109.66
557484.89
556860.12
556235.36
555610.59
554985.82
554361.06
553736.29
553111.52
552486.75
551861.99
551237.22
550612.45
549987.69
549362.92
548738.15
548113.38
547488.62
546863.85
546239.08
545614.32
544989.55
544364.78
543740.01
543115.25
542490.48
541865.71
541240.95
540616.18
539991.41
539366.64
538741.88
538117.11
537492.34
536867.58
536242.81
535618.04
534993.27
534368.51
533743.74
533118.97
532494.21
531869.44
531244.67
530619.90
529995.14
529370.37
528745.60
528120.84
527496.07
526871.30
526246.53
525621.77
524997.00
524372.23
523747.47
523122.70
522497.93
521873.16
521248.40
520623.63
519998.86
519374.10
518749.33
518124.56
517499.79
516875.03
516250.26
515625.49
515000.73
514375.96
513751.19
513126.42
512501.66
511876.89
511252.12
510627.36
510002.59
509377.82
508753.05
508128.29
507503.52
506878.75
506253.99
505629.22
505004.45
504379.68
503754.92
503130.15
502505.38
501880.62
501255.85
500631.08
500006.31
499381.55
498756.78
498132.01
497507.25
496882.48
496257.71
495632.94
495008.18
494383.41
493758.64
493133.88
492509.11
491884.34
491259.57
490634.81
490010.04
489385.27
488760.51
488135.74
487510.97
486886.20
486261.44
485636.67
485011.90
484387.14
483762.37
483137.60
482512.83
481888.07
481263.30
480638.53
480013.77
479389.00
478764.23
478139.46
477514.70
476889.93
476265.16
475640.40
475015.63
474390.86
473766.09
473141.33
472516.56
471891.79
471267.03
470642.26
470017.49
469392.72
468767.96
468143.19
467518.42
466893.66
466268.89
465644.12
465019.36
464394.59
463769.82
463145.05
462520.29
461895.52
461270.75
460645.99
460021.22
459396.45
458771.68
458146.92
457522.15
456897.38
456272.62
455647.85
455023.08
454398.31
453773.55
453148.78
452524.01
451899.25
451274.48
450649.71
450024.94
449400.18
448775.41
448150.64
447525.88
446901.11
446276.34
445651.57
445026.81
444402.04
443777.27
443152.51
442527.74
441902.97
441278.20
440653.44
440028.67
439403.90
438779.14
438154.37
437529.60
436904.83
436280.07
435655.30
435030.53
434405.77
433781.00
433156.23
432531.46
431906.70
431281.93
430657.16
430032.40
429407.63
428782.86
428158.09
427533.33
426908.56
426283.79
425659.03
425034.26
424409.49
423784.72
423159.96
422535.19
421910.42
421285.66
420660.89
420036.12
419411.35
418786.59
418161.82
417537.05
416912.29
416287.52
415662.75
415037.98
414413.22
413788.45
413163.68
412538.92
411914.15
411289.38
410664.61
410039.85
409415.08
408790.31
408165.55
407540.78
406916.01
406291.24
405666.48
405041.71
404416.94
403792.18
403167.41
402542.64
401917.87
401293.11
400668.34
400043.57
399418.81
398794.04
398169.27
397544.50
396919.74
396294.97
395670.20
395045.44
394420.67
393795.90
393171.13
392546.37
391921.60
391296.83
390672.07
390047.30
389422.53
388797.76
388173.00
387548.23
386923.46
386298.70
385673.93
385049.16
384424.39
383799.63
383174.86
382550.09
381925.33
381300.56
380675.79
380051.02
379426.26
378801.49
378176.72
377551.96
376927.19
376302.42
375677.65
375052.89
374428.12
373803.35
373178.59
372553.82
371929.05
371304.28
370679.52
370054.75
369429.98
368805.22
368180.45
367555.68
366930.91
366306.15
365681.38
365056.61
364431.85
363807.08
363182.31
362557.54
361932.78
361308.01
360683.24
360058.48
359433.71
358808.94
358184.17
357559.41
356934.64
356309.87
355685.11
355060.34
354435.57
353810.80
353186.04
352561.27
351936.50
351311.74
350686.97
350062.20
349437.43
348812.67
348187.90
347563.13
346938.37
346313.60
345688.83
345064.06
344439.30
343814.53
343189.76
342565.00
341940.23
341315.46
340690.69
340065.93
339441.16
338816.39
338191.63
337566.86
336942.09
336317.32
335692.56
335067.79
334443.02
333818.26
333193.49
332568.72
331943.95
331319.19
330694.42
330069.65
329444.89
328820.12
328195.35
327570.58
326945.82
326321.05
325696.28
325071.52
324446.75
323821.98
323197.21
322572.45
321947.68
321322.91
320698.15
320073.38
319448.61
318823.84
318199.08
317574.31
316949.54
316324.78
315700.01
315075.24
314450.47
313825.71
313200.94
312576.17
311951.41
311326.64
310701.87
310077.10
309452.34
308827.57
308202.80
307578.04
306953.27
306328.50
305703.73
305078.97
304454.20
303829.43
303204.67
302579.90
301955.13
301330.36
300705.60
300080.83
299456.06
298831.30
298206.53
297581.76
296956.99
296332.23
295707.46
295082.69
294457.93
293833.16
293208.39
292583.62
291958.86
291334.09
290709.32
290084.56
289459.79
288835.02
288210.25
287585.49
286960.72
286335.95
285711.19
285086.42
284461.65
283836.88
283212.12
282587.35
281962.58
281337.82
280713.05
280088.28
279463.51
278838.75
278213.98
277589.21
276964.45
276339.68
275714.91
275090.14
274465.38
273840.61
273215.84
272591.08
271966.31
271341.54
270716.77
270092.01
269467.24
268842.47
268217.71
267592.94
266968.17
266343.40
265718.64
265093.87
264469.10
263844.34
263219.57
262594.80
261970.03
261345.27
260720.50
260095.73
259470.97
258846.20
258221.43
257596.66
256971.90
256347.13
255722.36
255097.60
254472.83
253848.06
253223.29
252598.53
251973.76
251348.99
250724.23
250099.46
249474.69
248849.92
248225.16
247600.39
246975.62
246350.86
245726.09
245101.32
244476.55
243851.79
243227.02
242602.25
241977.49
241352.72
240727.95
240103.18
239478.42
238853.65
238228.88
237604.12
236979.35
236354.58
235729.81
235105.05
234480.28
233855.51
233230.75
232605.98
231981.21
231356.45
230731.68
230106.91
229482.14
228857.38
228232.61
227607.84
226983.08
226358.31
225733.54
225108.77
224484.01
223859.24
223234.47
222609.71
221984.94
221360.17
220735.40
220110.64
219485.87
218861.10
218236.34
217611.57
216986.80
216362.03
215737.27
215112.50
214487.73
213862.97
213238.20
212613.43
211988.66
211363.90
210739.13
210114.36
209489.60
208864.83
208240.06
207615.29
206990.53
206365.76
205740.99
205116.23
204491.46
203866.69
203241.92
202617.16
201992.39
201367.62
200742.86
200118.09
199493.32
198868.55
198243.79
197619.02
196994.25
196369.49
195744.72
195119.95
194495.18
193870.42
193245.65
192620.88
191996.12
191371.35
190746.58
190121.81
189497.05
188872.28
188247.51
187622.75
186997.98
186373.21
185748.44
185123.68
184498.91
183874.14
183249.38
182624.61
181999.84
181375.07
180750.31
180125.54
179500.77
178876.01
178251.24
177626.47
177001.70
176376.94
175752.17
175127.40
174502.64
173877.87
173253.10
172628.33
172003.57
171378.80
170754.03
170129.27
169504.50
168879.73
168254.96
167630.20
167005.43
166380.66
165755.90
165131.13
164506.36
163881.59
163256.83
162632.06
162007.29
161382.53
160757.76
160132.99
159508.22
158883.46
158258.69
157633.92
157009.16
156384.39
155759.62
155134.85
154510.09
153885.32
153260.55
152635.79
152011.02
151386.25
150761.48
150136.72
149511.95
148887.18
148262.42
147637.65
147012.88
146388.11
145763.35
145138.58
144513.81
143889.05
143264.28
142639.51
142014.74
141389.98
140765.21
140140.44
139515.68
138890.91
138266.14
137641.37
137016.61
136391.84
135767.07
135142.31
134517.54
133892.77
133268.00
132643.24
132018.47
131393.70
130768.94
130144.17
129519.40
128894.63
128269.87
127645.10
127020.33
126395.57
125770.80
125146.03
124521.26
123896.50
123271.73
122646.96
122022.20
121397.43
120772.66
120147.89
119523.13
118898.36
118273.59
117648.83
117024.06
116399.29
115774.52
115149.76
114524.99
113900.22
113275.46
112650.69
112025.92
111401.15
110776.39
110151.62
109526.85
108902.09
108277.32
107652.55
107027.78
106403.02
105778.25
105153.48
104528.72
103903.95
103279.18
102654.41
102029.65
101404.88
100780.11
100155.35
99530.58
98905.81
98281.04
97656.28
97031.51
96406.74
95781.98
95157.21
94532.44
93907.67
93282.91
92658.14
92033.37
91408.61
90783.84
90159.07
89534.30
88909.54
88284.77
87660.00
87035.24
86410.47
85785.70
85160.93
84536.17
83911.40
83286.63
82661.87
82037.10
81412.33
80787.56
80162.80
79538.03
78913.26
78288.50
77663.73
77038.96
76414.19
75789.43
75164.66
74539.89
73915.13
73290.36
72665.59
72040.82
71416.06
70791.29
70166.52
69541.76
68916.99
68292.22
67667.45
67042.69
66417.92
65793.15
65168.39
64543.62
63918.85
63294.08
62669.32
62044.55
61419.78
60795.02
60170.25
59545.48
58920.71
58295.95
57671.18
57046.41
56421.65
55796.88
55172.11
54547.34
53922.58
53297.81
52673.04
52048.28
51423.51
50798.74
50173.97
49549.21
48924.44
48299.67
47674.91
47050.14
46425.37
45800.60
45175.84
44551.07
43926.30
43301.54
42676.77
42052.00
41427.23
40802.47
40177.70
39552.93
38928.17
38303.40
37678.63
37053.86
36429.10
35804.33
